	Date	Time	Position	X[mV]	Y[mV]	Z[mV]
0	07/02/2019	09:47:40	nan	-484.335966	-15548.19733	510.921978
1	07/02/2019	09:47:50	nan	-484.354143	-15547.8951	510.928966
2	07/02/2019	09:48:00	nan	-484.277874	-15547.75354	510.935035
3	07/02/2019	09:48:10	nan	-484.269014	-15547.99186	510.958672
4	07/02/2019	09:48:20	nan	-484.39233	-15548.15003	510.908544
5	07/02/2019	09:48:30	nan	-484.324322	-15547.98811	510.937526
6	07/02/2019	09:48:40	nan	-484.433977	-15548.15931	510.905848
7	07/02/2019	09:48:50	nan	-484.50753	-15548.01864	510.86412
8	07/02/2019	09:49:00	nan	-484.493884	-15547.96722	510.876728
9	07/02/2019	09:49:10	nan	-484.501089	-15547.86654	510.886341
10	07/02/2019	09:49:20	nan	-484.496719	-15547.89207	510.869785
11	07/02/2019	09:49:30	nan	-484.47083	-15547.87511	510.881016
12	07/02/2019	09:49:40	nan	-484.571652	-15547.94884	510.855734
13	07/02/2019	09:49:50	nan	-484.628523	-15547.92902	510.833328
14	07/02/2019	09:50:00	nan	-484.553637	-15547.87886	510.879467
15	07/02/2019	09:50:10	nan	-484.432315	-15547.81173	510.94627
16	07/02/2019	09:50:20	nan	-484.445765	-15547.94116	510.933791
17	07/02/2019	09:50:30	nan	-484.454429	-15547.60626	510.898215
18	07/02/2019	09:50:40	nan	-484.354501	-15547.65767	510.909836
19	07/02/2019	09:50:50	nan	-484.38442	-15547.70802	510.857784
20	07/02/2019	09:51:01	nan	-484.397548	-15547.77514	510.827552
21	07/02/2019	09:51:11	nan	-484.38311	-15547.75747	510.826978
22	07/02/2019	09:51:21	nan	-484.34437	-15547.74675	510.819049
23	07/02/2019	09:51:31	nan	-484.386616	-15547.81816	510.793338
24	07/02/2019	09:51:41	nan	-484.364533	-15547.67249	510.809287
25	07/02/2019	09:51:51	nan	-484.285835	-15547.9176	510.839087
26	07/02/2019	09:52:01	nan	-484.21098	-15547.92563	510.885793
27	07/02/2019	09:52:11	nan	-484.352381	-15547.69695	510.839708
28	07/02/2019	09:52:21	nan	-484.348376	-15547.84565	510.860366
29	07/02/2019	09:52:31	nan	-484.289948	-15547.9217	510.873334
30	07/02/2019	09:52:41	nan	-484.300016	-15547.92581	510.870686
31	07/02/2019	09:52:51	nan	-484.413757	-15548.01632	510.835313
32	07/02/2019	09:53:01	nan	-484.438438	-15547.96276	510.848906
33	07/02/2019	09:53:11	nan	-484.342887	-15548.17377	510.923608
34	07/02/2019	09:53:21	nan	-484.37048	-15548.00596	510.891503
35	07/02/2019	09:53:31	nan	-484.389928	-15547.72319	510.876561
36	07/02/2019	09:53:41	nan	-484.435704	-15547.74925	510.872053
37	07/02/2019	09:53:51	nan	-484.406432	-15547.5345	510.883568
38	07/02/2019	09:54:01	nan	-484.379735	-15547.68142	510.915266
39	07/02/2019	09:54:11	nan	-484.421992	-15547.66285	510.927304
40	07/02/2019	09:54:21	nan	-484.508197	-15547.68374	510.843461
41	07/02/2019	09:54:31	nan	-484.469231	-15547.48969	510.879753
42	07/02/2019	09:54:41	nan	-484.476364	-15547.2835	510.851396
43	07/02/2019	09:54:51	nan	-484.551932	-15547.23459	510.848332
44	07/02/2019	09:55:01	nan	-484.590571	-15547.32135	510.821539
45	07/02/2019	09:55:11	nan	-484.573515	-15547.16907	510.852848
46	07/02/2019	09:55:21	nan	-484.508699	-15546.94628	510.888725
47	07/02/2019	09:55:31	nan	-484.421511	-15547.0234	510.924171
48	07/02/2019	09:55:41	nan	-484.484582	-15546.98984	510.876414
49	07/02/2019	09:55:51	nan	-484.444311	-15546.98359	510.86664
50	07/02/2019	09:56:01	nan	-484.428712	-15547.04875	510.85753
51	07/02/2019	09:56:11	nan	-484.385165	-15546.96342	510.882673
52	07/02/2019	09:56:21	nan	-484.369968	-15547.06696	510.855653
53	07/02/2019	09:56:31	nan	-484.325828	-15547.07035	510.856272
54	07/02/2019	09:56:41	nan	-484.31353	-15547.11801	510.837826
55	07/02/2019	09:56:51	nan	-484.269661	-15547.04429	510.86367
56	07/02/2019	09:57:01	nan	-484.170608	-15547.20959	510.917832
57	07/02/2019	09:57:11	nan	-484.2302	-15547.19674	510.890554
58	07/02/2019	09:57:21	nan	-484.365151	-15547.18389	510.817737
59	07/02/2019	09:57:31	nan	-484.249303	-15546.9129	510.879088
60	07/02/2019	09:57:41	nan	-484.220688	-15546.93057	510.888283
61	07/02/2019	09:57:51	nan	-484.247106	-15547.00948	510.90806
62	07/02/2019	09:58:01	nan	-484.231224	-15547.03804	510.919526
63	07/02/2019	09:58:11	nan	-484.335099	-15547.21531	510.868159
64	07/02/2019	09:58:21	nan	-484.306836	-15547.1539	510.891668
65	07/02/2019	09:58:31	nan	-484.296756	-15547.09963	510.912683
66	07/02/2019	09:58:41	nan	-484.311127	-15547.00858	510.900895
67	07/02/2019	09:58:51	nan	-484.304431	-15547.02429	510.885299
68	07/02/2019	09:59:01	nan	-484.301276	-15546.45375	510.896609
69	07/02/2019	09:59:11	nan	-484.289784	-15546.66797	510.904225
70	07/02/2019	09:59:21	nan	-484.237551	-15546.40323	510.936741
71	07/02/2019	09:59:31	nan	-484.313688	-15546.38234	510.918273
72	07/02/2019	09:59:41	nan	-484.301524	-15546.27684	510.912116
73	07/02/2019	09:59:51	nan	-484.252066	-15546.67797	510.9246
74	07/02/2019	10:00:01	nan	-484.316918	-15546.55586	510.909375
75	07/02/2019	10:00:11	nan	-484.316066	-15546.38466	510.917587
76	07/02/2019	10:00:21	nan	-484.354283	-15546.63637	510.911591
77	07/02/2019	10:00:31	nan	-484.360073	-15546.6785	510.903418
78	07/02/2019	10:00:41	nan	-484.362289	-15546.61352	510.891793
79	07/02/2019	10:00:51	nan	-484.355253	-15546.79686	510.896564
80	07/02/2019	10:01:01	nan	-484.322969	-15546.93557	510.906715
81	07/02/2019	10:01:11	nan	-484.368613	-15546.75884	510.90519
82	07/02/2019	10:01:21	nan	-484.367602	-15546.8115	510.940315
83	07/02/2019	10:01:31	nan	-484.439798	-15546.66636	510.886029
84	07/02/2019	10:01:41	nan	-484.482973	-15546.71831	510.880926
85	07/02/2019	10:01:51	nan	-484.43705	-15546.55533	510.892502
86	07/02/2019	10:02:01	nan	-484.383861	-15546.55765	510.925138
87	07/02/2019	10:02:11	nan	-484.356775	-15546.31736	510.953222
88	07/02/2019	10:02:21	nan	-484.351497	-15546.24828	510.942605
89	07/02/2019	10:02:31	nan	-484.339468	-15546.19044	510.96247
90	07/02/2019	10:02:41	nan	-484.387729	-15546.53373	510.940101
91	07/02/2019	10:02:51	nan	-484.397993	-15546.12331	510.94757
92	07/02/2019	10:03:01	nan	-484.360159	-15546.47606	510.971524
93	07/02/2019	10:03:11	nan	-484.411497	-15546.31522	510.932508
94	07/02/2019	10:03:21	nan	-484.444961	-15546.16955	510.920699
95	07/02/2019	10:03:31	nan	-484.387688	-15545.87821	510.947862
96	07/02/2019	10:03:41	nan	-484.443746	-15546.15188	510.934871
97	07/02/2019	10:03:51	nan	-484.458804	-15546.50231	510.937116
98	07/02/2019	10:04:01	nan	-484.397007	-15546.29969	510.965752
99	07/02/2019	10:04:11	nan	-484.377993	-15546.29648	510.984046
100	07/02/2019	10:04:21	nan	-484.269268	-15546.39412	511.008148
101	07/02/2019	10:04:31	nan	-484.343513	-15546.54372	510.982981
102	07/02/2019	10:04:41	nan	-484.403076	-15546.43929	510.946119
103	07/02/2019	10:04:51	nan	-484.431354	-15546.26024	510.919032
104	07/02/2019	10:05:01	nan	-484.43408	-15546.3486	510.931387
105	07/02/2019	10:05:11	nan	-484.44224	-15546.27809	510.916738
106	07/02/2019	10:05:21	nan	-484.432501	-15546.17383	510.943725
107	07/02/2019	10:05:31	nan	-484.374701	-15546.30326	510.954332
108	07/02/2019	10:05:41	nan	-484.369741	-15546.13813	510.970152
109	07/02/2019	10:05:51	nan	-484.337574	-15546.28916	510.951255
110	07/02/2019	10:06:01	nan	-484.374769	-15546.09796	510.949246
111	07/02/2019	10:06:11	nan	-484.329962	-15545.86071	510.979246
112	07/02/2019	10:06:21	nan	-484.280014	-15545.87874	510.972238
113	07/02/2019	10:06:31	nan	-484.372139	-15545.83465	510.939902
114	07/02/2019	10:06:41	nan	-484.423125	-15545.99585	510.940969
115	07/02/2019	10:06:51	nan	-484.399181	-15546.21507	510.951953
116	07/02/2019	10:07:01	nan	-484.423539	-15546.61281	510.935557
117	07/02/2019	10:07:11	nan	-484.471508	-15546.20222	510.939481
118	07/02/2019	10:07:21	nan	-484.440889	-15546.38681	510.942875
119	07/02/2019	10:07:31	nan	-484.444883	-15546.14456	510.95312
120	07/02/2019	10:07:41	nan	-484.391279	-15546.2863	510.994244
121	07/02/2019	10:07:51	nan	-484.341996	-15546.42572	510.986429
122	07/02/2019	10:08:01	nan	-484.46825	-15546.54783	510.969081
123	07/02/2019	10:08:11	nan	-484.5413	-15546.78472	510.913989
124	07/02/2019	10:08:21	nan	-484.529826	-15546.35646	510.895567
125	07/02/2019	10:08:31	nan	-484.548661	-15546.29433	510.903889
126	07/02/2019	10:08:41	nan	-484.546406	-15546.06101	510.898259
127	07/02/2019	10:08:51	nan	-484.56269	-15546.38734	510.916791
128	07/02/2019	10:09:01	nan	-484.507523	-15546.46089	510.936394
129	07/02/2019	10:09:11	nan	-484.476213	-15546.38573	510.953474
130	07/02/2019	10:09:21	nan	-484.507046	-15546.49731	510.946604
131	07/02/2019	10:09:31	nan	-484.617296	-15546.22668	510.911533
132	07/02/2019	10:09:41	nan	-484.579149	-15546.55515	510.952863
133	07/02/2019	10:09:51	nan	-484.53909	-15546.33986	510.938761
134	07/02/2019	10:10:01	nan	-484.558332	-15546.54622	510.936526
135	07/02/2019	10:10:11	nan	-484.572685	-15546.31611	510.918671
136	07/02/2019	10:10:21	nan	-484.616106	-15546.2331	510.915872
137	07/02/2019	10:10:31	nan	-484.693958	-15546.07404	510.887696
138	07/02/2019	10:10:41	nan	-484.590119	-15546.29273	510.92589
139	07/02/2019	10:10:52	nan	-484.605284	-15546.40002	510.91715
140	07/02/2019	10:11:02	nan	-484.6376	-15546.44375	510.925087
141	07/02/2019	10:11:12	nan	-484.620044	-15546.19526	510.935022
142	07/02/2019	10:11:22	nan	-484.447802	-15546.27684	511.006309
143	07/02/2019	10:11:32	nan	-484.543671	-15546.00174	510.971579
144	07/02/2019	10:11:42	nan	-484.567655	-15546.1126	510.983957
145	07/02/2019	10:11:52	nan	-484.566145	-15546.10992	510.978581
146	07/02/2019	10:12:02	nan	-484.571207	-15546.28862	510.997329
147	07/02/2019	10:12:12	nan	-484.521666	-15546.33861	510.999908
148	07/02/2019	10:12:22	nan	-484.586915	-15546.59656	510.979002
149	07/02/2019	10:12:32	nan	-484.543682	-15546.51445	510.995199
150	07/02/2019	10:12:42	nan	-484.522545	-15546.43786	511.022148
151	07/02/2019	10:12:52	nan	-484.476601	-15546.37306	511.031411
152	07/02/2019	10:13:02	nan	-484.539822	-15546.27291	511.035079
153	07/02/2019	10:13:12	nan	-484.507398	-15546.25042	511.030023
154	07/02/2019	10:13:22	nan	-484.518513	-15546.10867	511.047522
155	07/02/2019	10:13:32	nan	-484.546865	-15546.28648	511.015843
156	07/02/2019	10:13:42	nan	-484.394182	-15546.51088	511.082947
157	07/02/2019	10:13:52	nan	-484.484304	-15546.44768	511.032724
158	07/02/2019	10:14:02	nan	-484.560759	-15546.83274	511.023657
159	07/02/2019	10:14:12	nan	-484.561271	-15546.8422	511.027222
160	07/02/2019	10:14:22	nan	-484.550462	-15546.89058	511.013126
161	07/02/2019	10:14:32	nan	-484.60776	-15546.94414	510.984721
162	07/02/2019	10:14:42	nan	-484.664533	-15546.65369	510.97133
163	07/02/2019	10:14:52	nan	-484.65304	-15546.6037	510.968194
164	07/02/2019	10:15:02	nan	-484.640388	-15546.37395	511.004991
165	07/02/2019	10:15:12	nan	-484.536992	-15546.30951	511.031085
166	07/02/2019	10:15:22	nan	-484.600664	-15546.39127	511.024526
167	07/02/2019	10:15:32	nan	-484.583288	-15546.5871	511.039344
168	07/02/2019	10:15:42	nan	-484.590451	-15546.98056	511.02673
169	07/02/2019	10:15:52	nan	-484.670753	-15546.72153	511.002204
170	07/02/2019	10:16:02	nan	-484.657707	-15546.53283	511.016165
171	07/02/2019	10:16:12	nan	-484.591378	-15546.76276	511.033092
172	07/02/2019	10:16:22	nan	-484.502008	-15546.3204	511.099044
173	07/02/2019	10:16:32	nan	-484.658389	-15546.66833	511.024188
174	07/02/2019	10:16:42	nan	-484.732352	-15546.73474	510.98235
175	07/02/2019	10:16:52	nan	-484.739128	-15546.78776	510.976697
176	07/02/2019	10:17:02	nan	-484.744363	-15546.75455	511.000855
177	07/02/2019	10:17:12	nan	-484.810945	-15546.83506	510.956694
178	07/02/2019	10:17:22	nan	-484.771126	-15546.57603	510.999983
179	07/02/2019	10:17:32	nan	-484.697004	-15546.43929	511.038542
180	07/02/2019	10:17:42	nan	-484.663899	-15546.72403	511.0118
181	07/02/2019	10:17:52	nan	-484.698555	-15546.49659	510.965489
182	07/02/2019	10:18:02	nan	-484.57949	-15546.86202	511.00737
183	07/02/2019	10:18:12	nan	-484.47115	-15546.39377	511.03869
184	07/02/2019	10:18:22	nan	-484.381365	-15546.24845	511.059828
185	07/02/2019	10:18:32	nan	-484.431861	-15546.49838	511.010171
186	07/02/2019	10:18:42	nan	-484.476358	-15546.59121	510.969532
187	07/02/2019	10:18:52	nan	-484.426246	-15546.7699	510.995805
188	07/02/2019	10:19:02	nan	-484.332469	-15546.84631	511.05495
189	07/02/2019	10:19:12	nan	-484.275112	-15546.6935	511.035814
190	07/02/2019	10:19:22	nan	-484.357829	-15546.9361	511.024112
191	07/02/2019	10:19:32	nan	-484.458899	-15546.89415	510.979139
192	07/02/2019	10:19:42	nan	-484.487155	-15546.89165	510.949689
193	07/02/2019	10:19:52	nan	-484.522267	-15546.90272	510.96773
194	07/02/2019	10:20:02	nan	-484.529104	-15546.74384	510.977973
195	07/02/2019	10:20:12	nan	-484.595009	-15546.82649	510.946941
196	07/02/2019	10:20:22	nan	-484.52755	-15546.6428	511.00238
197	07/02/2019	10:20:32	nan	-484.405855	-15546.97681	511.059334
198	07/02/2019	10:20:42	nan	-484.589518	-15546.8663	511.006197
199	07/02/2019	10:20:52	nan	-484.560403	-15546.74295	511.003203
200	07/02/2019	10:21:02	nan	-484.648627	-15546.95271	510.97822
201	07/02/2019	10:21:12	nan	-484.544893	-15546.70225	511.026884
202	07/02/2019	10:21:22	nan	-484.494943	-15546.72563	511.045734
203	07/02/2019	10:21:32	nan	-484.550289	-15546.57336	511.03896
204	07/02/2019	10:21:42	nan	-484.559209	-15546.71492	511.011919
205	07/02/2019	10:21:52	nan	-484.581729	-15546.99948	510.998883
206	07/02/2019	10:22:02	nan	-484.621273	-15546.86131	510.979448
207	07/02/2019	10:22:12	nan	-484.541402	-15546.84006	511.021969
208	07/02/2019	10:22:22	nan	-484.472563	-15547.17353	511.002456
209	07/02/2019	10:22:32	nan	-484.548988	-15546.92022	510.979793
210	07/02/2019	10:22:42	nan	-484.555951	-15546.99412	510.921357
211	07/02/2019	10:22:52	nan	-484.495735	-15546.99484	510.945337
212	07/02/2019	10:23:02	nan	-484.391066	-15546.68332	510.978124
213	07/02/2019	10:23:12	nan	-484.360071	-15547.09873	510.992933
214	07/02/2019	10:23:22	nan	-484.382551	-15547.20317	510.952776
215	07/02/2019	10:23:32	nan	-484.353755	-15546.84256	510.983749
216	07/02/2019	10:23:42	nan	-484.425567	-15546.96431	510.965055
217	07/02/2019	10:23:52	nan	-484.455077	-15547.07696	510.936343
218	07/02/2019	10:24:02	nan	-484.431933	-15546.92682	510.967163
219	07/02/2019	10:24:12	nan	-484.407007	-15546.77062	510.965413
220	07/02/2019	10:24:22	nan	-484.41914	-15547.20692	510.966138
221	07/02/2019	10:24:32	nan	-484.501952	-15546.90522	510.935667
222	07/02/2019	10:24:42	nan	-484.439991	-15546.85327	510.977175
223	07/02/2019	10:24:52	nan	-484.522588	-15546.76276	510.959932
224	07/02/2019	10:25:02	nan	-484.51405	-15546.67243	510.983608
225	07/02/2019	10:25:12	nan	-484.478611	-15546.80739	511.017999
226	07/02/2019	10:25:22	nan	-484.467911	-15546.56782	510.999867
227	07/02/2019	10:25:32	nan	-484.405631	-15546.47981	511.044986
228	07/02/2019	10:25:42	nan	-484.352357	-15546.79204	511.080866
229	07/02/2019	10:25:52	nan	-484.480441	-15546.74402	510.998298
230	07/02/2019	10:26:02	nan	-484.525079	-15546.68422	510.995369
231	07/02/2019	10:26:12	nan	-484.54406	-15546.72188	510.976358
232	07/02/2019	10:26:22	nan	-484.529024	-15546.9777	510.984472
233	07/02/2019	10:26:32	nan	-484.504645	-15546.79151	511.005319
234	07/02/2019	10:26:42	nan	-484.449542	-15546.73438	511.026532
235	07/02/2019	10:26:52	nan	-484.418486	-15546.79115	511.070095
236	07/02/2019	10:27:02	nan	-484.354115	-15546.68243	511.09858
237	07/02/2019	10:27:12	nan	-484.477539	-15546.75777	511.033776
238	07/02/2019	10:27:22	nan	-484.560348	-15546.96806	511.006062
239	07/02/2019	10:27:32	nan	-484.556726	-15546.9345	511.001795
240	07/02/2019	10:27:42	nan	-484.496117	-15547.09391	511.035374
241	07/02/2019	10:27:52	nan	-484.496519	-15546.7226	511.048474
242	07/02/2019	10:28:02	nan	-484.486612	-15546.94967	511.065277
243	07/02/2019	10:28:12	nan	-484.507511	-15547.00376	511.033413
244	07/02/2019	10:28:22	nan	-484.572542	-15547.15872	511.006609
245	07/02/2019	10:28:32	nan	-484.572699	-15547.17835	511.007322
246	07/02/2019	10:28:42	nan	-484.406551	-15547.10855	511.068412
247	07/02/2019	10:28:52	nan	-484.55143	-15547.42846	511.050454
248	07/02/2019	10:29:02	nan	-484.576933	-15547.38383	511.016293
249	07/02/2019	10:29:12	nan	-484.6211	-15547.04286	510.995014
250	07/02/2019	10:29:22	nan	-484.646886	-15547.25387	510.98092
251	07/02/2019	10:29:32	nan	-484.711228	-15547.30671	510.954702
252	07/02/2019	10:29:42	nan	-484.562065	-15547.13515	511.007933
253	07/02/2019	10:29:52	nan	-484.518261	-15547.05535	511.053518
254	07/02/2019	10:30:02	nan	-484.728785	-15547.03554	510.953526
255	07/02/2019	10:30:12	nan	-484.703186	-15547.2444	510.958953
256	07/02/2019	10:30:22	nan	-484.669057	-15547.14801	511.001152
257	07/02/2019	10:30:32	nan	-484.688403	-15547.27565	510.984778
258	07/02/2019	10:30:42	nan	-484.649572	-15547.57252	510.999997
259	07/02/2019	10:30:53	nan	-484.686504	-15546.97841	510.996604
260	07/02/2019	10:31:03	nan	-484.671837	-15547.37347	511.010826
261	07/02/2019	10:31:13	nan	-484.710944	-15547.24387	511.003892
262	07/02/2019	10:31:23	nan	-484.618866	-15547.34687	511.066068
263	07/02/2019	10:31:33	nan	-484.585288	-15547.33027	511.037492
264	07/02/2019	10:31:43	nan	-484.658686	-15547.21995	511.007855
265	07/02/2019	10:31:53	nan	-484.731428	-15546.97002	510.991076
266	07/02/2019	10:32:03	nan	-484.631489	-15547.11409	511.023961
267	07/02/2019	10:32:13	nan	-484.63766	-15547.28511	511.024611
268	07/02/2019	10:32:23	nan	-484.548284	-15547.2685	511.071674
269	07/02/2019	10:32:33	nan	-484.638414	-15547.48308	511.031949
270	07/02/2019	10:32:43	nan	-484.621966	-15547.22905	511.041974
271	07/02/2019	10:32:53	nan	-484.672188	-15547.11641	511.019264
272	07/02/2019	10:33:03	nan	-484.694058	-15547.49433	511.01137
273	07/02/2019	10:33:13	nan	-484.647298	-15547.52075	511.054774
274	07/02/2019	10:33:23	nan	-484.725119	-15547.39311	511.033749
275	07/02/2019	10:33:33	nan	-484.747202	-15547.42489	511.035717
276	07/02/2019	10:33:43	nan	-484.730531	-15547.27529	511.006226
277	07/02/2019	10:33:53	nan	-484.786334	-15547.39293	510.996633
278	07/02/2019	10:34:03	nan	-484.760426	-15547.30831	511.006208
279	07/02/2019	10:34:13	nan	-484.761317	-15547.30367	511.009767
280	07/02/2019	10:34:23	nan	-484.700093	-15547.22923	511.020597
281	07/02/2019	10:34:33	nan	-484.771576	-15547.03768	511.012692
282	07/02/2019	10:34:43	nan	-484.729495	-15547.21049	511.027656
283	07/02/2019	10:34:53	nan	-484.634198	-15546.89076	511.075952
284	07/02/2019	10:35:03	nan	-484.59736	-15546.82007	511.092045
285	07/02/2019	10:35:13	nan	-484.603337	-15546.82239	511.102372
286	07/02/2019	10:35:23	nan	-484.724994	-15546.94896	511.033771
287	07/02/2019	10:35:33	nan	-484.68593	-15547.01644	511.048951
288	07/02/2019	10:35:43	nan	-484.738882	-15546.79151	511.059409
289	07/02/2019	10:35:53	nan	-484.687685	-15546.95949	511.074075
290	07/02/2019	10:36:03	nan	-484.660499	-15546.69921	511.085378
291	07/02/2019	10:36:13	nan	-484.716443	-15546.79811	511.071978
292	07/02/2019	10:36:23	nan	-484.803915	-15546.78062	511.034435
293	07/02/2019	10:36:33	nan	-484.79032	-15546.86166	511.022618
294	07/02/2019	10:36:43	nan	-484.774281	-15546.87416	511.041919
295	07/02/2019	10:36:53	nan	-484.725241	-15546.95306	511.053335
296	07/02/2019	10:37:03	nan	-484.780204	-15546.47999	511.037565
297	07/02/2019	10:37:13	nan	-484.749243	-15546.86166	511.050241
298	07/02/2019	10:37:23	nan	-484.707158	-15546.67636	511.066949
299	07/02/2019	10:37:33	nan	-484.751817	-15546.61299	511.065968
300	07/02/2019	10:37:43	nan	-484.734941	-15546.65173	511.060896
301	07/02/2019	10:37:53	nan	-484.622641	-15546.60977	511.111117
302	07/02/2019	10:38:03	nan	-484.64609	-15546.74795	511.125087
303	07/02/2019	10:38:13	nan	-484.701843	-15546.66333	511.086917
304	07/02/2019	10:38:23	nan	-484.704331	-15546.77169	511.078831
305	07/02/2019	10:38:33	nan	-484.838033	-15546.93682	511.044037
306	07/02/2019	10:38:43	nan	-484.706141	-15546.74795	511.090716
307	07/02/2019	10:38:53	nan	-484.792519	-15546.78918	511.049907
308	07/02/2019	10:39:03	nan	-484.884258	-15546.94967	511.039015
309	07/02/2019	10:39:13	nan	-484.832778	-15546.85345	511.01927
310	07/02/2019	10:39:23	nan	-484.911588	-15546.72652	510.995462
311	07/02/2019	10:39:33	nan	-484.879689	-15546.91611	511.020306
312	07/02/2019	10:39:43	nan	-484.88536	-15546.69011	511.022751
313	07/02/2019	10:39:53	nan	-484.868438	-15546.80347	511.033808
314	07/02/2019	10:40:03	nan	-484.857408	-15546.87737	511.023234
315	07/02/2019	10:40:13	nan	-484.828478	-15546.46	511.058291
316	07/02/2019	10:40:23	nan	-484.801072	-15546.47946	511.07203
317	07/02/2019	10:40:33	nan	-484.88812	-15546.63619	511.030892
318	07/02/2019	10:40:43	nan	-484.864231	-15546.61388	511.058622
319	07/02/2019	10:40:53	nan	-484.885984	-15546.66869	511.03311
320	07/02/2019	10:41:03	nan	-484.881658	-15546.8979	511.043015
321	07/02/2019	10:41:13	nan	-484.773934	-15546.40323	511.085543
322	07/02/2019	10:41:23	nan	-484.845503	-15546.4093	511.052992
323	07/02/2019	10:41:33	nan	-484.776229	-15546.47874	511.064234
324	07/02/2019	10:41:43	nan	-484.73567	-15546.29183	511.090915
325	07/02/2019	10:41:53	nan	-484.798403	-15546.34271	511.091247
326	07/02/2019	10:42:03	nan	-484.860479	-15546.66672	511.047769
327	07/02/2019	10:42:13	nan	-484.922003	-15546.52498	511.044679
328	07/02/2019	10:42:23	nan	-485.03358	-15546.52355	510.985638
329	07/02/2019	10:42:33	nan	-484.987159	-15546.52801	511.020482
330	07/02/2019	10:42:43	nan	-484.939971	-15546.51641	511.052517
331	07/02/2019	10:42:53	nan	-484.958708	-15546.80007	511.033838
332	07/02/2019	10:43:03	nan	-484.960966	-15546.64262	511.042544
333	07/02/2019	10:43:13	nan	-484.845528	-15546.63102	511.089195
334	07/02/2019	10:43:23	nan	-484.647396	-15546.50427	511.133564
335	07/02/2019	10:43:33	nan	-484.786977	-15546.40019	511.075892
336	07/02/2019	10:43:43	nan	-484.838292	-15546.44447	511.023398
337	07/02/2019	10:43:53	nan	-484.760104	-15546.49963	511.038597
338	07/02/2019	10:44:03	nan	-484.623937	-15546.69278	511.087109
339	07/02/2019	10:44:13	nan	-484.609611	-15546.70278	511.075844
340	07/02/2019	10:44:23	nan	-484.453466	-15546.84577	511.114806
341	07/02/2019	10:44:33	nan	-484.570537	-15546.85417	511.072536
342	07/02/2019	10:44:43	nan	-484.554757	-15546.91522	511.05745
343	07/02/2019	10:44:53	nan	-484.665173	-15547.10498	511.019742
344	07/02/2019	10:45:03	nan	-484.651228	-15546.80846	511.030423
345	07/02/2019	10:45:13	nan	-484.661707	-15546.96485	511.056098
346	07/02/2019	10:45:23	nan	-484.565222	-15547.01269	511.111412
347	07/02/2019	10:45:33	nan	-484.579081	-15547.00233	511.076565
348	07/02/2019	10:45:43	nan	-484.655893	-15546.92093	511.046612
349	07/02/2019	10:45:53	nan	-484.719248	-15547.20531	511.050381
350	07/02/2019	10:46:03	nan	-484.739195	-15547.18764	511.048983
351	07/02/2019	10:46:13	nan	-484.715239	-15547.19692	511.063679
352	07/02/2019	10:46:23	nan	-484.709627	-15547.10159	511.059347
353	07/02/2019	10:46:33	nan	-484.710131	-15546.8281	511.067301
354	07/02/2019	10:46:43	nan	-484.742323	-15546.87594	511.057833
355	07/02/2019	10:46:53	nan	-484.762607	-15546.55015	511.075607
356	07/02/2019	10:47:03	nan	-484.71531	-15546.75009	511.087713
357	07/02/2019	10:47:13	nan	-484.712145	-15546.76937	511.089648
358	07/02/2019	10:47:23	nan	-484.757218	-15546.79222	511.07171
359	07/02/2019	10:47:33	nan	-484.783156	-15547.06732	511.074068
360	07/02/2019	10:47:43	nan	-484.810801	-15546.98413	511.036168
361	07/02/2019	10:47:53	nan	-484.817806	-15547.07624	511.033653
362	07/02/2019	10:48:03	nan	-484.758283	-15547.06696	511.026774
363	07/02/2019	10:48:13	nan	-484.67557	-15546.97734	511.035999
364	07/02/2019	10:48:23	nan	-484.604224	-15546.95039	511.049537
365	07/02/2019	10:48:33	nan	-484.578822	-15546.93093	511.041689
366	07/02/2019	10:48:43	nan	-484.548579	-15547.24423	511.058735
367	07/02/2019	10:48:53	nan	-484.447341	-15546.9652	511.095262
368	07/02/2019	10:49:03	nan	-484.457507	-15547.10891	511.082214
369	07/02/2019	10:49:13	nan	-484.498243	-15547.36026	511.064319
370	07/02/2019	10:49:23	nan	-484.387911	-15546.76776	511.094731
371	07/02/2019	10:49:33	nan	-484.425024	-15546.73492	511.078627
372	07/02/2019	10:49:43	nan	-484.458754	-15547.06714	511.076664
373	07/02/2019	10:49:53	nan	-484.588125	-15546.83578	511.014834
374	07/02/2019	10:50:03	nan	-484.609238	-15547.06267	510.986608
375	07/02/2019	10:50:13	nan	-484.645227	-15547.04107	511.016172
376	07/02/2019	10:50:23	nan	-484.629322	-15546.93414	511.006478
377	07/02/2019	10:50:34	nan	-484.624662	-15547.00126	511.008678
378	07/02/2019	10:50:44	nan	-484.623215	-15546.92289	511.023947
379	07/02/2019	10:50:54	nan	-484.630494	-15546.83417	511.051378
380	07/02/2019	10:51:04	nan	-484.570071	-15546.68529	511.07712
381	07/02/2019	10:51:14	nan	-484.514604	-15546.79579	511.099124
382	07/02/2019	10:51:24	nan	-484.548423	-15546.71296	511.10303
383	07/02/2019	10:51:34	nan	-484.597784	-15546.92254	511.089223
384	07/02/2019	10:51:44	nan	-484.523935	-15546.75205	511.109282
385	07/02/2019	10:51:54	nan	-484.500391	-15546.59781	511.11156
386	07/02/2019	10:52:04	nan	-484.6387	-15546.51337	511.059013
387	07/02/2019	10:52:14	nan	-484.647317	-15546.71403	511.0575
388	07/02/2019	10:52:24	nan	-484.708459	-15546.77098	511.034622
389	07/02/2019	10:52:34	nan	-484.634755	-15546.92504	511.07924
390	07/02/2019	10:52:44	nan	-484.637383	-15546.76009	511.077461
391	07/02/2019	10:52:54	nan	-484.666656	-15547.05393	511.061056
392	07/02/2019	10:53:04	nan	-484.68418	-15547.0691	511.04467
393	07/02/2019	10:53:14	nan	-484.697362	-15546.80025	511.03497
394	07/02/2019	10:53:24	nan	-484.723311	-15546.9104	511.032932
395	07/02/2019	10:53:34	nan	-484.697572	-15546.70207	511.0332
396	07/02/2019	10:53:44	nan	-484.719706	-15546.72135	511.021715
397	07/02/2019	10:53:54	nan	-484.770184	-15546.77633	511.022209
398	07/02/2019	10:54:04	nan	-484.826336	-15547.21406	511.021029
399	07/02/2019	10:54:14	nan	-484.816995	-15546.97217	511.013478
400	07/02/2019	10:54:24	nan	-484.715655	-15547.06392	511.054366
401	07/02/2019	10:54:34	nan	-484.666354	-15546.94896	511.081361
402	07/02/2019	10:54:44	nan	-484.653158	-15546.77669	511.097371
403	07/02/2019	10:54:54	nan	-484.754537	-15546.86827	511.076085
404	07/02/2019	10:55:04	nan	-484.767776	-15546.88862	511.044837
405	07/02/2019	10:55:14	nan	-484.793032	-15546.85613	511.067585
406	07/02/2019	10:55:24	nan	-484.776691	-15547.04429	511.077443
407	07/02/2019	10:55:34	nan	-484.738051	-15546.91611	511.093339
408	07/02/2019	10:55:44	nan	-484.832591	-15547.05875	511.045994
409	07/02/2019	10:55:54	nan	-484.866423	-15546.94253	511.019694
410	07/02/2019	10:56:04	nan	-484.868335	-15546.96806	511.030192
411	07/02/2019	10:56:14	nan	-484.860039	-15547.27386	511.025736
412	07/02/2019	10:56:24	nan	-484.849518	-15547.3608	511.029129
413	07/02/2019	10:56:34	nan	-484.821508	-15547.32242	511.034897
414	07/02/2019	10:56:44	nan	-484.802918	-15547.31545	511.031977
415	07/02/2019	10:56:54	nan	-484.801837	-15547.10748	511.057266
416	07/02/2019	10:57:04	nan	-484.733138	-15547.4863	511.100346
417	07/02/2019	10:57:14	nan	-484.754685	-15547.25744	511.077932
418	07/02/2019	10:57:24	nan	-484.735571	-15547.30314	511.05564
419	07/02/2019	10:57:34	nan	-484.751541	-15547.17335	511.064571
420	07/02/2019	10:57:44	nan	-484.802757	-15546.89469	511.037929
421	07/02/2019	10:57:54	nan	-484.824822	-15546.90915	511.027936
422	07/02/2019	10:58:04	nan	-484.755732	-15547.02019	511.051046
423	07/02/2019	10:58:14	nan	-484.769043	-15546.82542	511.067628
424	07/02/2019	10:58:24	nan	-484.772825	-15547.0575	511.06514
425	07/02/2019	10:58:34	nan	-484.753363	-15546.80775	511.071283
426	07/02/2019	10:58:44	nan	-484.712739	-15546.89844	511.090533
427	07/02/2019	10:58:54	nan	-484.688444	-15547.01197	511.114085
428	07/02/2019	10:59:04	nan	-484.680669	-15547.04357	511.107776
429	07/02/2019	10:59:14	nan	-484.718051	-15547.08767	511.080356
430	07/02/2019	10:59:24	nan	-484.768987	-15546.89897	511.070349
431	07/02/2019	10:59:34	nan	-484.774447	-15546.95699	511.065831
432	07/02/2019	10:59:44	nan	-484.76079	-15546.8938	511.086641
433	07/02/2019	10:59:54	nan	-484.735943	-15546.73956	511.09783
434	07/02/2019	11:00:04	nan	-484.743576	-15546.70225	511.083935
435	07/02/2019	11:00:14	nan	-484.779014	-15546.96235	511.096405
436	07/02/2019	11:00:24	nan	-484.677814	-15546.66422	511.129004
437	07/02/2019	11:00:34	nan	-484.808115	-15546.65244	511.083986
438	07/02/2019	11:00:44	nan	-484.80975	-15546.61906	511.077267
439	07/02/2019	11:00:54	nan	-484.815862	-15546.71581	511.077365
440	07/02/2019	11:01:04	nan	-484.829119	-15546.72117	511.075161
441	07/02/2019	11:01:14	nan	-484.72739	-15546.70082	511.126201
442	07/02/2019	11:01:24	nan	-484.764601	-15547.00412	511.114382
443	07/02/2019	11:01:34	nan	-484.775019	-15546.77258	511.150931
444	07/02/2019	11:01:44	nan	-484.673202	-15546.97288	511.176772
445	07/02/2019	11:01:54	nan	-484.743831	-15546.85613	511.167844
446	07/02/2019	11:02:04	nan	-484.755855	-15546.92754	511.148294
447	07/02/2019	11:02:14	nan	-484.745346	-15546.96324	511.165751
448	07/02/2019	11:02:24	nan	-484.89682	-15546.97377	511.085376
449	07/02/2019	11:02:34	nan	-484.855898	-15546.74955	511.090878
450	07/02/2019	11:02:44	nan	-484.850747	-15546.90986	511.107915
451	07/02/2019	11:02:54	nan	-484.866112	-15546.9054	511.111695
452	07/02/2019	11:03:04	nan	-484.899262	-15546.91183	511.093691
453	07/02/2019	11:03:14	nan	-484.929365	-15547.03982	511.081832
454	07/02/2019	11:03:24	nan	-484.919015	-15547.09856	511.099396
455	07/02/2019	11:03:34	nan	-484.908683	-15547.13426	511.100238
456	07/02/2019	11:03:44	nan	-484.885001	-15547.15907	511.123333
457	07/02/2019	11:03:54	nan	-484.843205	-15547.20888	511.147198
458	07/02/2019	11:04:04	nan	-484.861274	-15547.31153	511.139599
459	07/02/2019	11:04:14	nan	-484.831002	-15547.21906	511.152261
460	07/02/2019	11:04:24	nan	-484.746214	-15547.31206	511.174668
461	07/02/2019	11:04:34	nan	-484.710953	-15547.21941	511.19482
462	07/02/2019	11:04:44	nan	-484.659327	-15547.37508	511.203553
463	07/02/2019	11:04:54	nan	-484.810458	-15547.22459	511.146865
464	07/02/2019	11:05:04	nan	-484.842221	-15547.56324	511.125311
465	07/02/2019	11:05:14	nan	-484.821914	-15547.30332	511.130612
466	07/02/2019	11:05:24	nan	-484.853096	-15547.22905	511.148792
467	07/02/2019	11:05:34	nan	-484.77623	-15547.35741	511.160707
468	07/02/2019	11:05:44	nan	-484.8433	-15547.3342	511.164924
469	07/02/2019	11:05:54	nan	-484.852446	-15547.24494	511.144264
470	07/02/2019	11:06:04	nan	-484.8676	-15547.10213	511.144296
471	07/02/2019	11:06:14	nan	-484.821537	-15546.90058	511.154135
472	07/02/2019	11:06:24	nan	-484.786702	-15546.99466	511.189054
473	07/02/2019	11:06:34	nan	-484.826162	-15547.1805	511.166643
474	07/02/2019	11:06:44	nan	-484.819546	-15547.35651	511.174526
475	07/02/2019	11:06:54	nan	-484.800731	-15547.29082	511.183305
476	07/02/2019	11:07:04	nan	-484.885823	-15547.33545	511.147614
477	07/02/2019	11:07:14	nan	-484.868837	-15547.23762	511.151445
478	07/02/2019	11:07:24	nan	-484.903779	-15547.20227	511.146039
479	07/02/2019	11:07:34	nan	-484.891527	-15547.11391	511.168255
480	07/02/2019	11:07:44	nan	-484.831331	-15547.1489	511.210329
481	07/02/2019	11:07:54	nan	-484.659593	-15547.12533	511.25452
482	07/02/2019	11:08:04	nan	-484.673653	-15547.20549	511.244474
483	07/02/2019	11:08:14	nan	-484.844208	-15547.33366	511.161303
484	07/02/2019	11:08:24	nan	-484.843698	-15547.38918	511.182125
485	07/02/2019	11:08:34	nan	-484.744867	-15546.95449	511.18347
486	07/02/2019	11:08:44	nan	-484.861956	-15547.49969	511.120603
487	07/02/2019	11:08:54	nan	-484.787063	-15547.532	511.158244
488	07/02/2019	11:09:04	nan	-484.701039	-15547.49969	511.159998
489	07/02/2019	11:09:14	nan	-484.720922	-15547.50129	511.1146
490	07/02/2019	11:09:24	nan	-484.698192	-15547.64	511.123468
491	07/02/2019	11:09:34	nan	-484.611984	-15547.7007	511.123751
492	07/02/2019	11:09:44	nan	-484.430563	-15547.78888	511.198176
493	07/02/2019	11:09:54	nan	-484.588841	-15547.7962	511.145947
494	07/02/2019	11:10:04	nan	-484.555427	-15547.89814	511.161566
495	07/02/2019	11:10:14	nan	-484.507727	-15547.83369	511.181476
496	07/02/2019	11:10:24	nan	-484.347286	-15547.88653	511.226254
497	07/02/2019	11:10:35	nan	-484.471468	-15548.04327	511.208081
498	07/02/2019	11:10:45	nan	-484.580735	-15547.77746	511.17306
499	07/02/2019	11:10:55	nan	-484.595997	-15547.72033	511.171539
500	07/02/2019	11:11:05	nan	-484.564811	-15547.4904	511.166897
501	07/02/2019	11:11:15	nan	-484.688755	-15547.6059	511.122295
502	07/02/2019	11:11:25	nan	-484.662263	-15547.80156	511.154221
503	07/02/2019	11:11:35	nan	-484.637633	-15547.42971	511.173931
504	07/02/2019	11:11:45	nan	-484.736211	-15547.72105	511.121017
505	07/02/2019	11:11:55	nan	-484.751038	-15547.55806	511.14458
506	07/02/2019	11:12:05	nan	-484.643042	-15547.65964	511.173302
507	07/02/2019	11:12:15	nan	-484.485946	-15547.73783	511.220928
508	07/02/2019	11:12:25	nan	-484.462831	-15547.90724	511.20536
509	07/02/2019	11:12:35	nan	-484.64535	-15547.73533	511.074637
510	07/02/2019	11:12:45	nan	-484.534982	-15547.79995	511.118695
511	07/02/2019	11:12:55	nan	-484.402889	-15547.91795	511.125348
512	07/02/2019	11:13:05	nan	-484.470929	-15547.76764	511.117911
513	07/02/2019	11:13:15	nan	-484.419991	-15547.72497	511.110852
514	07/02/2019	11:13:25	nan	-484.440998	-15547.99864	511.119121
515	07/02/2019	11:13:35	nan	-484.482508	-15548.02542	511.073843
516	07/02/2019	11:13:45	nan	-484.477064	-15547.81798	511.119804
517	07/02/2019	11:13:55	nan	-484.459501	-15547.77889	511.127891
518	07/02/2019	11:14:05	nan	-484.511891	-15547.43131	511.101165
519	07/02/2019	11:14:15	nan	-484.539004	-15547.79549	511.133525
520	07/02/2019	11:14:25	nan	-484.544498	-15547.92402	511.110657
521	07/02/2019	11:14:35	nan	-484.512778	-15547.81352	511.104322
522	07/02/2019	11:14:45	nan	-484.614534	-15547.90439	511.076487
523	07/02/2019	11:14:55	nan	-484.613288	-15547.79585	511.107016
524	07/02/2019	11:15:05	nan	-484.58932	-15547.64589	511.155253
525	07/02/2019	11:15:15	nan	-484.526985	-15547.65339	511.166698
526	07/02/2019	11:15:25	nan	-484.567312	-15547.69463	511.159975
527	07/02/2019	11:15:35	nan	-484.643456	-15547.74765	511.123209
528	07/02/2019	11:15:45	nan	-484.617071	-15547.69302	511.153904
529	07/02/2019	11:15:55	nan	-484.504177	-15547.99561	511.201637
530	07/02/2019	11:16:05	nan	-484.534343	-15547.7655	511.184743
531	07/02/2019	11:16:15	nan	-484.594348	-15547.90706	511.164452
532	07/02/2019	11:16:25	nan	-484.581366	-15547.93741	511.151836
533	07/02/2019	11:16:35	nan	-484.729652	-15547.76336	511.115668
534	07/02/2019	11:16:45	nan	-484.714807	-15547.97758	511.121851
535	07/02/2019	11:16:55	nan	-484.701366	-15547.94455	511.120543
536	07/02/2019	11:17:05	nan	-484.696565	-15547.91224	511.139515
537	07/02/2019	11:17:15	nan	-484.717183	-15547.79674	511.115023
538	07/02/2019	11:17:25	nan	-484.758484	-15548.09361	511.088786
539	07/02/2019	11:17:35	nan	-484.703715	-15548.25714	511.113298
540	07/02/2019	11:17:45	nan	-484.685727	-15548.15038	511.135856
541	07/02/2019	11:17:55	nan	-484.693175	-15548.00935	511.1273
542	07/02/2019	11:18:05	nan	-484.697624	-15547.93063	511.123154
543	07/02/2019	11:18:15	nan	-484.707413	-15547.68517	511.120651
544	07/02/2019	11:18:25	nan	-484.686854	-15547.84315	511.118604
545	07/02/2019	11:18:35	nan	-484.718239	-15547.70337	511.110764
546	07/02/2019	11:18:45	nan	-484.717224	-15547.82637	511.104156
547	07/02/2019	11:18:55	nan	-484.675244	-15548.10147	511.121108
548	07/02/2019	11:19:05	nan	-484.704303	-15548.02185	511.126487
549	07/02/2019	11:19:15	nan	-484.741448	-15548.03149	511.13068
550	07/02/2019	11:19:25	nan	-484.653867	-15547.92581	511.130779
551	07/02/2019	11:19:35	nan	-484.629944	-15547.66803	511.151337
552	07/02/2019	11:19:45	nan	-484.577073	-15547.81138	511.19071
553	07/02/2019	11:19:55	nan	-484.681192	-15547.73997	511.163721
554	07/02/2019	11:20:05	nan	-484.587333	-15548.07737	511.163153
555	07/02/2019	11:20:15	nan	-484.699465	-15547.98722	511.127653
556	07/02/2019	11:20:25	nan	-484.622323	-15547.98079	511.143864
557	07/02/2019	11:20:35	nan	-484.615565	-15548.31266	511.154596
558	07/02/2019	11:20:45	nan	-484.69284	-15548.16484	511.127829
559	07/02/2019	11:20:55	nan	-484.720202	-15548.24	511.124708
560	07/02/2019	11:21:05	nan	-484.724898	-15547.98097	511.120813
561	07/02/2019	11:21:15	nan	-484.720628	-15547.99596	511.114396
562	07/02/2019	11:21:25	nan	-484.697735	-15548.23125	511.116779
563	07/02/2019	11:21:35	nan	-484.695813	-15547.78799	511.139969
564	07/02/2019	11:21:45	nan	-484.597092	-15547.9392	511.17904
565	07/02/2019	11:21:55	nan	-484.611577	-15548.13735	511.147823
566	07/02/2019	11:22:05	nan	-484.685223	-15548.04506	511.149446
567	07/02/2019	11:22:15	nan	-484.620213	-15548.26321	511.169408
568	07/02/2019	11:22:25	nan	-484.673043	-15548.12646	511.127653
569	07/02/2019	11:22:35	nan	-484.686433	-15548.1536	511.127228
570	07/02/2019	11:22:45	nan	-484.648888	-15548.19251	511.159533
571	07/02/2019	11:22:55	nan	-484.649009	-15548.29498	511.151612
572	07/02/2019	11:23:05	nan	-484.62068	-15548.19501	511.170007
573	07/02/2019	11:23:15	nan	-484.672981	-15548.05595	511.138733
574	07/02/2019	11:23:25	nan	-484.689954	-15547.96812	511.159796
575	07/02/2019	11:23:35	nan	-484.68615	-15547.9242	511.147425
576	07/02/2019	11:23:45	nan	-484.62192	-15548.22393	511.171878
577	07/02/2019	11:23:55	nan	-484.676552	-15547.86297	511.176049
578	07/02/2019	11:24:05	nan	-484.578813	-15548.05916	511.19519
579	07/02/2019	11:24:15	nan	-484.660236	-15548.10111	511.154695
580	07/02/2019	11:24:25	nan	-484.668418	-15548.03756	511.16579
581	07/02/2019	11:24:35	nan	-484.659976	-15547.77799	511.197346
582	07/02/2019	11:24:45	nan	-484.587339	-15547.67178	511.213238
583	07/02/2019	11:24:55	nan	-484.683794	-15547.85386	511.166357
584	07/02/2019	11:25:05	nan	-484.581995	-15547.80174	511.219551
585	07/02/2019	11:25:15	nan	-484.771203	-15547.67999	511.133678
586	07/02/2019	11:25:25	nan	-484.700285	-15547.94776	511.14866
587	07/02/2019	11:25:35	nan	-484.713252	-15547.92777	511.147806
588	07/02/2019	11:25:45	nan	-484.784331	-15547.88421	511.114241
589	07/02/2019	11:25:55	nan	-484.804535	-15547.89207	511.097707
590	07/02/2019	11:26:05	nan	-484.836445	-15547.8619	511.106271
591	07/02/2019	11:26:15	nan	-484.794199	-15547.82619	511.129464
592	07/02/2019	11:26:25	nan	-484.826196	-15547.96169	511.119738
593	07/02/2019	11:26:35	nan	-484.768373	-15547.94634	511.156851
594	07/02/2019	11:26:45	nan	-484.79519	-15547.93509	511.149542
595	07/02/2019	11:26:55	nan	-484.833334	-15547.84405	511.14
596	07/02/2019	11:27:05	nan	-484.854778	-15548.06077	511.130546
597	07/02/2019	11:27:15	nan	-484.799902	-15548.13235	511.140558
598	07/02/2019	11:27:25	nan	-484.800636	-15548.22715	511.157771
599	07/02/2019	11:27:35	nan	-484.832691	-15547.9292	511.164251
600	07/02/2019	11:27:45	nan	-484.831385	-15547.7364	511.150388
601	07/02/2019	11:27:55	nan	-484.743654	-15547.86618	511.182553
602	07/02/2019	11:28:05	nan	-484.712264	-15547.89332	511.191007
603	07/02/2019	11:28:15	nan	-484.733699	-15547.60519	511.180765
604	07/02/2019	11:28:25	nan	-484.73247	-15547.63697	511.21662
605	07/02/2019	11:28:35	nan	-484.684533	-15547.8012	511.214418
606	07/02/2019	11:28:45	nan	-484.695757	-15547.56663	511.212444
607	07/02/2019	11:28:55	nan	-484.77198	-15547.88653	511.178562
608	07/02/2019	11:29:05	nan	-484.811544	-15547.72051	511.165673
609	07/02/2019	11:29:15	nan	-484.809228	-15547.65785	511.186895
610	07/02/2019	11:29:25	nan	-484.849784	-15547.7048	511.144169
611	07/02/2019	11:29:35	nan	-484.825037	-15547.68874	511.16521
612	07/02/2019	11:29:45	nan	-484.85544	-15547.66107	511.136532
613	07/02/2019	11:29:55	nan	-484.813595	-15547.75336	511.15888
614	07/02/2019	11:30:05	nan	-484.776942	-15547.68142	511.189448
615	07/02/2019	11:30:15	nan	-484.823154	-15547.44417	511.157036
616	07/02/2019	11:30:26	nan	-484.844799	-15547.4929	511.154301
617	07/02/2019	11:30:36	nan	-484.89188	-15547.77978	511.131083
618	07/02/2019	11:30:46	nan	-484.890427	-15547.84012	511.144141
619	07/02/2019	11:30:56	nan	-484.886462	-15547.66803	511.149618
620	07/02/2019	11:31:06	nan	-484.902197	-15547.60769	511.123914
621	07/02/2019	11:31:16	nan	-484.87184	-15547.70623	511.130157
622	07/02/2019	11:31:26	nan	-484.925472	-15547.63643	511.152165
623	07/02/2019	11:31:36	nan	-484.988533	-15547.43756	511.105359
624	07/02/2019	11:31:46	nan	-484.948036	-15547.78746	511.135933
625	07/02/2019	11:31:56	nan	-484.93454	-15547.64553	511.140805
626	07/02/2019	11:32:06	nan	-484.943416	-15547.78049	511.13728
627	07/02/2019	11:32:16	nan	-484.985831	-15547.68374	511.107421
628	07/02/2019	11:32:26	nan	-484.965156	-15547.62858	511.129821
629	07/02/2019	11:32:36	nan	-484.790393	-15547.79906	511.15659
630	07/02/2019	11:32:46	nan	-484.711923	-15547.73765	511.172438
631	07/02/2019	11:32:56	nan	-484.841172	-15547.72248	511.096748
632	07/02/2019	11:33:06	nan	-484.809714	-15547.94991	511.095376
633	07/02/2019	11:33:16	nan	-484.796672	-15547.95812	511.097926
634	07/02/2019	11:33:26	nan	-484.728274	-15547.87386	511.114384
635	07/02/2019	11:33:36	nan	-484.676551	-15547.85815	511.113582
636	07/02/2019	11:33:46	nan	-484.671401	-15548.26838	511.106344
637	07/02/2019	11:33:56	nan	-484.70716	-15548.25053	511.101542
638	07/02/2019	11:34:06	nan	-484.629999	-15548.08005	511.137934
639	07/02/2019	11:34:16	nan	-484.585016	-15548.0281	511.163856
640	07/02/2019	11:34:26	nan	-484.54867	-15548.12057	511.186777
641	07/02/2019	11:34:36	nan	-484.644898	-15548.19751	511.141015
642	07/02/2019	11:34:46	nan	-484.6379	-15548.29695	511.135712
643	07/02/2019	11:34:56	nan	-484.642477	-15547.80067	511.160117
644	07/02/2019	11:35:06	nan	-484.648212	-15548.15163	511.16362
645	07/02/2019	11:35:16	nan	-484.737222	-15548.10807	511.105153
646	07/02/2019	11:35:26	nan	-484.781412	-15547.83905	511.112596
647	07/02/2019	11:35:36	nan	-484.720101	-15547.76693	511.1317
648	07/02/2019	11:35:46	nan	-484.705609	-15548.08308	511.144735
649	07/02/2019	11:35:56	nan	-484.657632	-15547.82316	511.156156
650	07/02/2019	11:36:06	nan	-484.607374	-15547.71801	511.159757
651	07/02/2019	11:36:16	nan	-484.522211	-15548.06844	511.165114
652	07/02/2019	11:36:26	nan	-484.462806	-15548.11272	511.172614
653	07/02/2019	11:36:36	nan	-484.442606	-15548.08987	511.152358
654	07/02/2019	11:36:46	nan	-484.461724	-15547.99686	511.152472
655	07/02/2019	11:36:56	nan	-484.510309	-15547.85047	511.144603
656	07/02/2019	11:37:06	nan	-484.445654	-15548.1436	511.169598
657	07/02/2019	11:37:16	nan	-484.454289	-15548.24428	511.188286
658	07/02/2019	11:37:26	nan	-484.563497	-15548.18252	511.124133
659	07/02/2019	11:37:36	nan	-484.594419	-15548.20197	511.101293
660	07/02/2019	11:37:46	nan	-484.613758	-15548.07541	511.118419
661	07/02/2019	11:37:56	nan	-484.667176	-15548.04274	511.104618
662	07/02/2019	11:38:06	nan	-484.608554	-15547.91742	511.128599
663	07/02/2019	11:38:16	nan	-484.620703	-15548.09736	511.120966
664	07/02/2019	11:38:26	nan	-484.616921	-15548.01239	511.131568
665	07/02/2019	11:38:36	nan	-484.630522	-15548.22125	511.125629
666	07/02/2019	11:38:46	nan	-484.649681	-15547.93652	511.122903
667	07/02/2019	11:38:56	nan	-484.641076	-15547.54199	511.152812
668	07/02/2019	11:39:06	nan	-484.573676	-15547.71337	511.200641
669	07/02/2019	11:39:16	nan	-484.666633	-15547.7007	511.13398
670	07/02/2019	11:39:26	nan	-484.719132	-15547.68731	511.146721
671	07/02/2019	11:39:36	nan	-484.641287	-15547.83351	511.185972
672	07/02/2019	11:39:46	nan	-484.661212	-15547.70302	511.17036
673	07/02/2019	11:39:56	nan	-484.687826	-15547.8594	511.172989
674	07/02/2019	11:40:06	nan	-484.688636	-15547.60697	511.16378
675	07/02/2019	11:40:16	nan	-484.664105	-15547.64714	511.197874
676	07/02/2019	11:40:26	nan	-484.598909	-15547.49022	511.203942
677	07/02/2019	11:40:36	nan	-484.692505	-15547.40489	511.184343
678	07/02/2019	11:40:46	nan	-484.694871	-15547.8228	511.176278
679	07/02/2019	11:40:56	nan	-484.725423	-15547.59091	511.167912
680	07/02/2019	11:41:06	nan	-484.700304	-15547.62233	511.17835
681	07/02/2019	11:41:16	nan	-484.732573	-15547.73604	511.155257
682	07/02/2019	11:41:26	nan	-484.755033	-15547.86172	511.133375
683	07/02/2019	11:41:36	nan	-484.770013	-15548.02828	511.146844
684	07/02/2019	11:41:46	nan	-484.717265	-15547.82012	511.149975
685	07/02/2019	11:41:56	nan	-484.585965	-15547.76639	511.216771
686	07/02/2019	11:42:06	nan	-484.675825	-15547.91831	511.150674
687	07/02/2019	11:42:16	nan	-484.76679	-15547.5386	511.120362
688	07/02/2019	11:42:26	nan	-484.740442	-15547.64482	511.116754
689	07/02/2019	11:42:36	nan	-484.666745	-15547.77407	511.183735
690	07/02/2019	11:42:46	nan	-484.664424	-15547.46291	511.170147
691	07/02/2019	11:42:56	nan	-484.604062	-15547.55985	511.188366
692	07/02/2019	11:43:06	nan	-484.659695	-15547.3433	511.15439
693	07/02/2019	11:43:16	nan	-484.649084	-15547.37133	511.170128
694	07/02/2019	11:43:26	nan	-484.648334	-15547.33831	511.178736
695	07/02/2019	11:43:36	nan	-484.606145	-15547.79388	511.204294
696	07/02/2019	11:43:46	nan	-484.65793	-15547.74747	511.186927
697	07/02/2019	11:43:56	nan	-484.703924	-15547.82744	511.136924
698	07/02/2019	11:44:06	nan	-484.597296	-15547.34616	511.177599
699	07/02/2019	11:44:16	nan	-484.679772	-15547.54503	511.149906
700	07/02/2019	11:44:26	nan	-484.732895	-15547.57948	511.121613
701	07/02/2019	11:44:36	nan	-484.737608	-15547.37633	511.129185
702	07/02/2019	11:44:46	nan	-484.709443	-15547.49826	511.119942
703	07/02/2019	11:44:56	nan	-484.659945	-15547.43935	511.157484
704	07/02/2019	11:45:06	nan	-484.665384	-15547.20656	511.158998
705	07/02/2019	11:45:16	nan	-484.605943	-15547.32224	511.157011
706	07/02/2019	11:45:26	nan	-484.628829	-15547.31278	511.173238
707	07/02/2019	11:45:36	nan	-484.58378	-15547.22941	511.179996
708	07/02/2019	11:45:46	nan	-484.537389	-15547.46666	511.2179
709	07/02/2019	11:45:56	nan	-484.624925	-15547.27261	511.175779
710	07/02/2019	11:46:06	nan	-484.692886	-15547.56074	511.147596
711	07/02/2019	11:46:16	nan	-484.683209	-15547.63072	511.140464
712	07/02/2019	11:46:26	nan	-484.723295	-15547.37205	511.156751
713	07/02/2019	11:46:36	nan	-484.76128	-15547.49969	511.143345
714	07/02/2019	11:46:46	nan	-484.783452	-15547.4738	511.110266
715	07/02/2019	11:46:56	nan	-484.724621	-15547.43256	511.144121
716	07/02/2019	11:47:06	nan	-484.717774	-15547.55931	511.168523
717	07/02/2019	11:47:16	nan	-484.702884	-15547.58395	511.17835
718	07/02/2019	11:47:26	nan	-484.554237	-15547.6566	511.227309
719	07/02/2019	11:47:36	nan	-484.66994	-15547.15068	511.186767
720	07/02/2019	11:47:46	nan	-484.699886	-15547.33598	511.190093
721	07/02/2019	11:47:56	nan	-484.632445	-15547.47737	511.231894
722	07/02/2019	11:48:06	nan	-484.57428	-15546.94771	511.238338
723	07/02/2019	11:48:16	nan	-484.514148	-15547.36776	511.288212
724	07/02/2019	11:48:26	nan	-484.651283	-15547.40525	511.203301
725	07/02/2019	11:48:36	nan	-484.72595	-15547.56395	511.188119
726	07/02/2019	11:48:46	nan	-484.741732	-15547.50236	511.18376
727	07/02/2019	11:48:56	nan	-484.690008	-15547.33955	511.201499
728	07/02/2019	11:49:06	nan	-484.651455	-15547.22637	511.24438
729	07/02/2019	11:49:16	nan	-484.622349	-15547.30439	511.252269
730	07/02/2019	11:49:26	nan	-484.634921	-15547.46113	511.224543
731	07/02/2019	11:49:36	nan	-484.705761	-15547.21673	511.209535
732	07/02/2019	11:49:46	nan	-484.712902	-15547.39365	511.18715
733	07/02/2019	11:49:56	nan	-484.745373	-15547.56235	511.187655
734	07/02/2019	11:50:07	nan	-484.680419	-15547.81031	511.218561
735	07/02/2019	11:50:17	nan	-484.581998	-15547.32867	511.270472
736	07/02/2019	11:50:27	nan	-484.643814	-15547.43524	511.230196
737	07/02/2019	11:50:37	nan	-484.720551	-15547.5245	511.196402
738	07/02/2019	11:50:47	nan	-484.746441	-15547.55431	511.216048
739	07/02/2019	11:50:57	nan	-484.76672	-15547.56895	511.211095
740	07/02/2019	11:51:07	nan	-484.775287	-15547.65999	511.20948
741	07/02/2019	11:51:17	nan	-484.742489	-15547.61822	511.213418
742	07/02/2019	11:51:27	nan	-484.676911	-15547.70016	511.239811
743	07/02/2019	11:51:37	nan	-484.691064	-15547.67195	511.224377
744	07/02/2019	11:51:47	nan	-484.635666	-15547.97133	511.280109
745	07/02/2019	11:51:57	nan	-484.561082	-15547.75015	511.273397
746	07/02/2019	11:52:07	nan	-484.650215	-15547.28636	511.231246
747	07/02/2019	11:52:17	nan	-484.773838	-15547.43096	511.195434
748	07/02/2019	11:52:27	nan	-484.856954	-15547.55431	511.172177
749	07/02/2019	11:52:37	nan	-484.857147	-15547.59091	511.156876
750	07/02/2019	11:52:47	nan	-484.777494	-15547.63143	511.202627
751	07/02/2019	11:52:57	nan	-484.762157	-15547.42364	511.193264
752	07/02/2019	11:53:07	nan	-484.630244	-15547.17978	511.283421
753	07/02/2019	11:53:17	nan	-484.58269	-15547.64589	511.283768
754	07/02/2019	11:53:27	nan	-484.682125	-15547.3217	511.235754
755	07/02/2019	11:53:37	nan	-484.737772	-15547.62251	511.212474
756	07/02/2019	11:53:47	nan	-484.688444	-15547.57413	511.245393
757	07/02/2019	11:53:57	nan	-484.731074	-15547.42864	511.236979
758	07/02/2019	11:54:07	nan	-484.728635	-15547.46987	511.241427
759	07/02/2019	11:54:17	nan	-484.751185	-15547.39954	511.230048
760	07/02/2019	11:54:27	nan	-484.752103	-15547.58287	511.228294
761	07/02/2019	11:54:37	nan	-484.78275	-15547.45095	511.223103
762	07/02/2019	11:54:47	nan	-484.799214	-15547.72355	511.213331
763	07/02/2019	11:54:57	nan	-484.787202	-15547.73444	511.228518
764	07/02/2019	11:55:07	nan	-484.794667	-15547.38418	511.210068
765	07/02/2019	11:55:17	nan	-484.72344	-15547.54253	511.233631
766	07/02/2019	11:55:27	nan	-484.748074	-15547.89492	511.199809
767	07/02/2019	11:55:37	nan	-484.73977	-15547.78032	511.163501
768	07/02/2019	11:55:47	nan	-484.680374	-15547.88029	511.170234
769	07/02/2019	11:55:57	nan	-484.675791	-15547.78371	511.161621
770	07/02/2019	11:56:07	nan	-484.545822	-15547.58966	511.199823
771	07/02/2019	11:56:17	nan	-484.477982	-15547.73461	511.211763
772	07/02/2019	11:56:27	nan	-484.544411	-15547.73658	511.175516
773	07/02/2019	11:56:37	nan	-484.539392	-15547.61626	511.152097
774	07/02/2019	11:56:47	nan	-484.538073	-15547.77746	511.167238
775	07/02/2019	11:56:57	nan	-484.525627	-15547.80924	511.179171
776	07/02/2019	11:57:07	nan	-484.54986	-15547.88439	511.197616
777	07/02/2019	11:57:17	nan	-484.580133	-15547.63857	511.174777
778	07/02/2019	11:57:27	nan	-484.518456	-15547.88261	511.206963
779	07/02/2019	11:57:37	nan	-484.524178	-15547.4647	511.231308
780	07/02/2019	11:57:47	nan	-484.415476	-15547.77353	511.276382
781	07/02/2019	11:57:57	nan	-484.5478	-15547.64161	511.229721
782	07/02/2019	11:58:07	nan	-484.554589	-15547.71194	511.227364
783	07/02/2019	11:58:17	nan	-484.507455	-15547.75907	511.232939
784	07/02/2019	11:58:27	nan	-484.595906	-15548.27124	511.188809
785	07/02/2019	11:58:37	nan	-484.539306	-15548.32122	511.184135
786	07/02/2019	11:58:47	nan	-484.554182	-15548.35175	511.171453
787	07/02/2019	11:58:57	nan	-484.445201	-15548.24036	511.182946
788	07/02/2019	11:59:07	nan	-484.333416	-15548.19805	511.2137
789	07/02/2019	11:59:17	nan	-484.286278	-15547.97954	511.225945
790	07/02/2019	11:59:27	nan	-484.233093	-15547.98954	511.225145
791	07/02/2019	11:59:37	nan	-484.379625	-15547.95009	511.161806
792	07/02/2019	11:59:47	nan	-484.436162	-15548.13217	511.150542
793	07/02/2019	11:59:57	nan	-484.452142	-15548.08915	511.16024
794	07/02/2019	12:00:07	nan	-484.453628	-15548.26285	511.15172
795	07/02/2019	12:00:17	nan	-484.47698	-15548.06273	511.170981
796	07/02/2019	12:00:27	nan	-484.486755	-15547.68945	511.161541
797	07/02/2019	12:00:37	nan	-484.512997	-15547.67517	511.169116
798	07/02/2019	12:00:47	nan	-484.458915	-15547.75122	511.187021
799	07/02/2019	12:00:57	nan	-484.537318	-15548.01275	511.163094
800	07/02/2019	12:01:07	nan	-484.588273	-15547.94491	511.167961
801	07/02/2019	12:01:17	nan	-484.522154	-15547.91349	511.20415
802	07/02/2019	12:01:27	nan	-484.60651	-15547.60608	511.167256
803	07/02/2019	12:01:37	nan	-484.563766	-15547.86547	511.191154
804	07/02/2019	12:01:47	nan	-484.549124	-15548.07183	511.206844
805	07/02/2019	12:01:57	nan	-484.5256	-15547.85976	511.253326
806	07/02/2019	12:02:07	nan	-484.51378	-15547.60448	511.245276
807	07/02/2019	12:02:17	nan	-484.487957	-15547.81245	511.242276
808	07/02/2019	12:02:27	nan	-484.573814	-15547.82869	511.215403
809	07/02/2019	12:02:37	nan	-484.500121	-15547.59091	511.255526
810	07/02/2019	12:02:47	nan	-484.603606	-15547.71944	511.218586
811	07/02/2019	12:02:57	nan	-484.628173	-15547.67695	511.231205
812	07/02/2019	12:03:07	nan	-484.565266	-15547.97204	511.242705
813	07/02/2019	12:03:17	nan	-484.577716	-15548.24232	511.223309
814	07/02/2019	12:03:27	nan	-484.617165	-15548.16413	511.219364
815	07/02/2019	12:03:37	nan	-484.580342	-15548.00596	511.245351
816	07/02/2019	12:03:47	nan	-484.640485	-15547.95098	511.208771
817	07/02/2019	12:03:57	nan	-484.712554	-15547.90439	511.196135
818	07/02/2019	12:04:07	nan	-484.662804	-15548.03327	511.193889
819	07/02/2019	12:04:17	nan	-484.672782	-15547.81031	511.195083
820	07/02/2019	12:04:27	nan	-484.619822	-15547.99793	511.199341
821	07/02/2019	12:04:37	nan	-484.614718	-15548.38228	511.199814
822	07/02/2019	12:04:47	nan	-484.702854	-15548.10075	511.16992
823	07/02/2019	12:04:57	nan	-484.680054	-15548.33301	511.164468
824	07/02/2019	12:05:07	nan	-484.712128	-15548.49581	511.15966
825	07/02/2019	12:05:17	nan	-484.663388	-15548.33729	511.191739
826	07/02/2019	12:05:27	nan	-484.709388	-15548.4128	511.187
827	07/02/2019	12:05:37	nan	-484.647667	-15548.13021	511.181586
828	07/02/2019	12:05:47	nan	-484.738149	-15548.08112	511.163959
829	07/02/2019	12:05:57	nan	-484.720992	-15548.28141	511.186157
830	07/02/2019	12:06:07	nan	-484.660721	-15548.30159	511.220878
831	07/02/2019	12:06:17	nan	-484.629238	-15548.19305	511.21893
832	07/02/2019	12:06:27	nan	-484.593853	-15548.15235	511.235916
833	07/02/2019	12:06:37	nan	-484.637653	-15548.34461	511.234363
834	07/02/2019	12:06:47	nan	-484.570637	-15548.46243	511.241807
835	07/02/2019	12:06:57	nan	-484.588661	-15548.08879	511.231772
836	07/02/2019	12:07:07	nan	-484.575827	-15548.2707	511.218063
837	07/02/2019	12:07:17	nan	-484.520064	-15547.96544	511.264206
838	07/02/2019	12:07:27	nan	-484.515845	-15548.07308	511.284845
839	07/02/2019	12:07:37	nan	-484.544246	-15547.98097	511.25012
840	07/02/2019	12:07:47	nan	-484.601448	-15547.99846	511.225783
841	07/02/2019	12:07:57	nan	-484.670088	-15548.06291	511.20182
842	07/02/2019	12:08:07	nan	-484.58378	-15548.1677	511.252461
843	07/02/2019	12:08:17	nan	-484.529858	-15548.01489	511.255958
844	07/02/2019	12:08:27	nan	-484.515708	-15547.98829	511.246771
845	07/02/2019	12:08:37	nan	-484.600885	-15547.95544	511.223546
846	07/02/2019	12:08:47	nan	-484.660035	-15547.85279	511.178082
847	07/02/2019	12:08:57	nan	-484.675277	-15547.88885	511.190886
848	07/02/2019	12:09:07	nan	-484.633533	-15547.83334	511.213235
849	07/02/2019	12:09:17	nan	-484.643294	-15547.92402	511.206643
850	07/02/2019	12:09:27	nan	-484.728403	-15547.8062	511.177512
851	07/02/2019	12:09:37	nan	-484.7298	-15547.87279	511.199322
852	07/02/2019	12:09:47	nan	-484.780338	-15547.7987	511.185748
853	07/02/2019	12:09:58	nan	-484.759416	-15547.70195	511.194524
854	07/02/2019	12:10:08	nan	-484.70126	-15547.94723	511.236126
855	07/02/2019	12:10:18	nan	-484.77707	-15548.13967	511.210818
856	07/02/2019	12:10:28	nan	-484.790079	-15548.02239	511.187513
857	07/02/2019	12:10:38	nan	-484.756876	-15547.78674	511.191688
858	07/02/2019	12:10:48	nan	-484.844631	-15548.13253	511.172173
859	07/02/2019	12:10:58	nan	-484.749489	-15548.20787	511.199821
860	07/02/2019	12:11:08	nan	-484.79551	-15547.88868	511.20442
861	07/02/2019	12:11:18	nan	-484.79273	-15548.24964	511.19179
862	07/02/2019	12:11:28	nan	-484.804985	-15547.99311	511.21559
863	07/02/2019	12:11:38	nan	-484.762105	-15548.14521	511.232911
864	07/02/2019	12:11:48	nan	-484.644748	-15548.23982	511.267303
865	07/02/2019	12:11:58	nan	-484.664875	-15548.03203	511.260554
866	07/02/2019	12:12:08	nan	-484.707753	-15547.95633	511.246223
867	07/02/2019	12:12:18	nan	-484.830227	-15548.21608	511.185045
868	07/02/2019	12:12:28	nan	-484.89035	-15548.05345	511.179114
869	07/02/2019	12:12:38	nan	-484.858655	-15548.18948	511.202551
870	07/02/2019	12:12:48	nan	-484.775282	-15547.79192	511.229003
871	07/02/2019	12:12:58	nan	-484.764958	-15548.25196	511.22841
872	07/02/2019	12:13:08	nan	-484.783057	-15548.04649	511.24685
873	07/02/2019	12:13:18	nan	-484.772428	-15548.04488	511.2329
874	07/02/2019	12:13:28	nan	-484.873604	-15547.92081	511.200317
875	07/02/2019	12:13:38	nan	-484.912226	-15548.19876	511.19808
876	07/02/2019	12:13:48	nan	-484.838158	-15548.23589	511.210797
877	07/02/2019	12:13:58	nan	-484.770145	-15547.92384	511.247952
878	07/02/2019	12:14:08	nan	-484.708537	-15548.15842	511.242861
879	07/02/2019	12:14:18	nan	-484.696731	-15548.02399	511.235601
880	07/02/2019	12:14:28	nan	-484.846275	-15547.78156	511.174901
881	07/02/2019	12:14:38	nan	-484.974277	-15547.89689	511.16611
882	07/02/2019	12:14:48	nan	-484.876929	-15547.94544	511.18385
883	07/02/2019	12:14:58	nan	-484.946033	-15548.20072	511.183923
884	07/02/2019	12:15:08	nan	-484.862635	-15548.02328	511.203148
885	07/02/2019	12:15:18	nan	-484.893521	-15548.09129	511.199078
886	07/02/2019	12:15:28	nan	-484.927911	-15548.01614	511.202803
887	07/02/2019	12:15:38	nan	-484.91784	-15548.02167	511.215964
888	07/02/2019	12:15:48	nan	-484.826788	-15547.86815	511.237407
889	07/02/2019	12:15:58	nan	-484.870221	-15547.84083	511.218971
890	07/02/2019	12:16:08	nan	-484.816972	-15547.74747	511.238319
891	07/02/2019	12:16:18	nan	-484.822257	-15548.03506	511.241445
892	07/02/2019	12:16:28	nan	-484.799843	-15548.03595	511.252459
893	07/02/2019	12:16:38	nan	-484.855397	-15548.27927	511.217269
894	07/02/2019	12:16:48	nan	-485.029437	-15548.26874	511.135517
895	07/02/2019	12:16:58	nan	-485.049474	-15548.26053	511.133004
896	07/02/2019	12:17:08	nan	-484.888869	-15548.44297	511.188967
897	07/02/2019	12:17:18	nan	-484.826157	-15548.33961	511.189111
898	07/02/2019	12:17:28	nan	-484.771676	-15548.17734	511.203646
899	07/02/2019	12:17:38	nan	-484.764647	-15547.97008	511.188665
900	07/02/2019	12:17:48	nan	-484.724894	-15548.24446	511.191153
901	07/02/2019	12:17:58	nan	-484.722334	-15547.91974	511.176513
902	07/02/2019	12:18:08	nan	-484.613597	-15548.04898	511.184817
903	07/02/2019	12:18:18	nan	-484.614126	-15548.14699	511.193934
904	07/02/2019	12:18:28	nan	-484.555517	-15548.06505	511.226776
905	07/02/2019	12:18:38	nan	-484.542861	-15547.99561	511.217697
906	07/02/2019	12:18:48	nan	-484.602295	-15547.96633	511.196001
907	07/02/2019	12:18:58	nan	-484.590221	-15547.78799	511.213668
908	07/02/2019	12:19:08	nan	-484.701878	-15548.06362	511.19264
909	07/02/2019	12:19:18	nan	-484.664312	-15547.98383	511.195263
910	07/02/2019	12:19:28	nan	-484.718046	-15548.13235	511.165964
911	07/02/2019	12:19:38	nan	-484.716025	-15548.07969	511.169181
912	07/02/2019	12:19:48	nan	-484.630337	-15547.99239	511.194682
913	07/02/2019	12:19:58	nan	-484.645647	-15548.2466	511.169744
914	07/02/2019	12:20:08	nan	-484.569754	-15548.15681	511.209135
915	07/02/2019	12:20:18	nan	-484.534707	-15548.13878	511.172973
916	07/02/2019	12:20:28	nan	-484.574471	-15548.39263	511.147818
917	07/02/2019	12:20:38	nan	-484.551979	-15548.51402	511.157094
918	07/02/2019	12:20:48	nan	-484.567528	-15548.363	511.132974
919	07/02/2019	12:20:58	nan	-484.529333	-15547.97258	511.160748
920	07/02/2019	12:21:08	nan	-484.448258	-15548.23714	511.195951
921	07/02/2019	12:21:18	nan	-484.421184	-15548.06916	511.201604
922	07/02/2019	12:21:28	nan	-484.513214	-15548.36621	511.18188
923	07/02/2019	12:21:38	nan	-484.547648	-15548.29641	511.189535
924	07/02/2019	12:21:48	nan	-484.588039	-15548.43173	511.169346
925	07/02/2019	12:21:58	nan	-484.570246	-15548.18948	511.170682
926	07/02/2019	12:22:08	nan	-484.530612	-15548.3239	511.184197
927	07/02/2019	12:22:18	nan	-484.502274	-15548.38263	511.206189
928	07/02/2019	12:22:28	nan	-484.517946	-15548.01042	511.204395
929	07/02/2019	12:22:38	nan	-484.401088	-15547.9965	511.233636
930	07/02/2019	12:22:48	nan	-484.484414	-15548.19287	511.173417
931	07/02/2019	12:22:58	nan	-484.410336	-15548.29891	511.193497
932	07/02/2019	12:23:08	nan	-484.376271	-15548.14503	511.181007
933	07/02/2019	12:23:18	nan	-484.463332	-15548.55133	511.12372
934	07/02/2019	12:23:28	nan	-484.35849	-15548.50706	511.17456
935	07/02/2019	12:23:38	nan	-484.372149	-15548.39977	511.158409
936	07/02/2019	12:23:48	nan	-484.388345	-15548.36585	511.152399
937	07/02/2019	12:23:58	nan	-484.3365	-15548.35728	511.217171
938	07/02/2019	12:24:08	nan	-484.389231	-15548.27731	511.1667
939	07/02/2019	12:24:18	nan	-484.344715	-15548.37924	511.18502
940	07/02/2019	12:24:28	nan	-484.287047	-15548.2375	511.202985
941	07/02/2019	12:24:38	nan	-484.341361	-15548.40959	511.198769
942	07/02/2019	12:24:48	nan	-484.407902	-15548.51367	511.16732
943	07/02/2019	12:24:58	nan	-484.467512	-15548.62363	511.161765
944	07/02/2019	12:25:08	nan	-484.502808	-15548.74395	511.151596
945	07/02/2019	12:25:18	nan	-484.502508	-15548.36103	511.180103
946	07/02/2019	12:25:28	nan	-484.484146	-15548.54705	511.194639
947	07/02/2019	12:25:38	nan	-484.341863	-15548.20037	511.231251
948	07/02/2019	12:25:48	nan	-484.397043	-15548.0904	511.232344
949	07/02/2019	12:25:58	nan	-484.387657	-15548.52188	511.243216
950	07/02/2019	12:26:08	nan	-484.45427	-15548.31765	511.194792
951	07/02/2019	12:26:18	nan	-484.507562	-15548.44494	511.172205
952	07/02/2019	12:26:28	nan	-484.496031	-15548.22018	511.19599
953	07/02/2019	12:26:38	nan	-484.560834	-15548.48796	511.156778
954	07/02/2019	12:26:48	nan	-484.571982	-15548.32515	511.147569
955	07/02/2019	12:26:58	nan	-484.549781	-15547.85779	511.160108
956	07/02/2019	12:27:08	nan	-484.64475	-15548.10468	511.125348
957	07/02/2019	12:27:18	nan	-484.623949	-15548.18377	511.127301
958	07/02/2019	12:27:28	nan	-484.664182	-15548.1336	511.158671
959	07/02/2019	12:27:38	nan	-484.550612	-15548.2209	511.180586
960	07/02/2019	12:27:48	nan	-484.679399	-15548.0572	511.131022
961	07/02/2019	12:27:58	nan	-484.614827	-15548.30016	511.168448
962	07/02/2019	12:28:08	nan	-484.567614	-15548.18323	511.175297
963	07/02/2019	12:28:18	nan	-484.575709	-15548.42369	511.183459
964	07/02/2019	12:28:28	nan	-484.47234	-15548.21626	511.229229
965	07/02/2019	12:28:38	nan	-484.499851	-15548.28374	511.218968
966	07/02/2019	12:28:48	nan	-484.569358	-15548.46618	511.189505
967	07/02/2019	12:28:58	nan	-484.537734	-15548.1627	511.234635
968	07/02/2019	12:29:08	nan	-484.558468	-15548.45368	511.215895
969	07/02/2019	12:29:18	nan	-484.473684	-15548.63185	511.241967
970	07/02/2019	12:29:28	nan	-484.536494	-15548.33443	511.187275
971	07/02/2019	12:29:38	nan	-484.551094	-15548.42459	511.182141
972	07/02/2019	12:29:48	nan	-484.571709	-15548.23411	511.199316
973	07/02/2019	12:29:59	nan	-484.600892	-15548.04059	511.177549
974	07/02/2019	12:30:09	nan	-484.581955	-15548.13217	511.189004
975	07/02/2019	12:30:19	nan	-484.468963	-15548.1968	511.241301
976	07/02/2019	12:30:29	nan	-484.452912	-15548.05238	511.242905
977	07/02/2019	12:30:39	nan	-484.512335	-15548.00882	511.23043
978	07/02/2019	12:30:49	nan	-484.487514	-15548.24125	511.245365
979	07/02/2019	12:30:59	nan	-484.48914	-15548.28445	511.238095
980	07/02/2019	12:31:09	nan	-484.515377	-15548.49849	511.237201
981	07/02/2019	12:31:19	nan	-484.372365	-15548.55633	511.272547
982	07/02/2019	12:31:29	nan	-484.570687	-15548.3505	511.182797
983	07/02/2019	12:31:39	nan	-484.560523	-15548.40888	511.196416
984	07/02/2019	12:31:49	nan	-484.599645	-15548.08522	511.172067
985	07/02/2019	12:31:59	nan	-484.574902	-15548.02364	511.19321
986	07/02/2019	12:32:09	nan	-484.378392	-15548.14217	511.282648
987	07/02/2019	12:32:19	nan	-484.470982	-15548.46315	511.232987
988	07/02/2019	12:32:29	nan	-484.546844	-15548.22804	511.194463
989	07/02/2019	12:32:39	nan	-484.644651	-15548.14985	511.156019
990	07/02/2019	12:32:49	nan	-484.635134	-15548.14039	511.160663
991	07/02/2019	12:32:59	nan	-484.632761	-15547.86333	511.161443
992	07/02/2019	12:33:09	nan	-484.665316	-15547.93527	511.163206
993	07/02/2019	12:33:19	nan	-484.575797	-15547.95865	511.187931
994	07/02/2019	12:33:29	nan	-484.573122	-15548.13985	511.225815
995	07/02/2019	12:33:39	nan	-484.597864	-15548.20055	511.200036
996	07/02/2019	12:33:49	nan	-484.642486	-15548.27552	511.174857
997	07/02/2019	12:33:59	nan	-484.695957	-15547.99686	511.171683
998	07/02/2019	12:34:09	nan	-484.704628	-15548.17002	511.166739
999	07/02/2019	12:34:19	nan	-484.630349	-15548.1436	511.191917
1000	07/02/2019	12:34:29	nan	-484.678793	-15548.00578	511.197902
1001	07/02/2019	12:34:39	nan	-484.659492	-15548.12967	511.208319
1002	07/02/2019	12:34:49	nan	-484.583444	-15547.99864	511.258236
1003	07/02/2019	12:34:59	nan	-484.631845	-15547.94973	511.220425
1004	07/02/2019	12:35:09	nan	-484.689729	-15548.13931	511.18664
1005	07/02/2019	12:35:19	nan	-484.627614	-15547.98061	511.218133
1006	07/02/2019	12:35:29	nan	-484.658055	-15547.96401	511.212801
1007	07/02/2019	12:35:39	nan	-484.668973	-15548.2375	511.219545
1008	07/02/2019	12:35:49	nan	-484.697869	-15548.01596	511.21989
1009	07/02/2019	12:35:59	nan	-484.676041	-15547.83137	511.185533
1010	07/02/2019	12:36:09	nan	-484.735603	-15548.0522	511.170968
1011	07/02/2019	12:36:19	nan	-484.795644	-15548.0854	511.185551
1012	07/02/2019	12:36:29	nan	-484.735178	-15548.21179	511.202942
1013	07/02/2019	12:36:39	nan	-484.78265	-15548.34479	511.186617
1014	07/02/2019	12:36:49	nan	-484.834263	-15548.12503	511.163684
1015	07/02/2019	12:36:59	nan	-484.773965	-15548.5533	511.212101
1016	07/02/2019	12:37:09	nan	-484.842221	-15548.65684	511.164037
1017	07/02/2019	12:37:19	nan	-484.878288	-15548.50813	511.128078
1018	07/02/2019	12:37:29	nan	-484.882094	-15548.44422	511.162168
1019	07/02/2019	12:37:39	nan	-484.832675	-15548.50885	511.19899
1020	07/02/2019	12:37:49	nan	-484.757862	-15548.5815	511.216558
1021	07/02/2019	12:37:59	nan	-484.764313	-15548.30337	511.24499
1022	07/02/2019	12:38:09	nan	-484.789073	-15548.579	511.225763
1023	07/02/2019	12:38:19	nan	-484.821144	-15548.36603	511.226574
1024	07/02/2019	12:38:29	nan	-484.645995	-15548.48671	511.283468
1025	07/02/2019	12:38:39	nan	-484.653706	-15548.45047	511.279233
1026	07/02/2019	12:38:49	nan	-484.715044	-15548.74056	511.243145
1027	07/02/2019	12:38:59	nan	-484.768623	-15548.34086	511.225266
1028	07/02/2019	12:39:09	nan	-484.83454	-15548.34479	511.206793
1029	07/02/2019	12:39:19	nan	-484.895908	-15548.61471	511.191487
1030	07/02/2019	12:39:29	nan	-484.899594	-15548.62917	511.155017
1031	07/02/2019	12:39:39	nan	-484.902478	-15548.46297	511.171121
1032	07/02/2019	12:39:49	nan	-484.914032	-15548.84339	511.170115
1033	07/02/2019	12:39:59	nan	-484.932473	-15548.94836	511.185992
1034	07/02/2019	12:40:09	nan	-484.832425	-15548.9339	511.23582
1035	07/02/2019	12:40:19	nan	-484.903718	-15548.56651	511.218779
1036	07/02/2019	12:40:29	nan	-484.829843	-15548.65827	511.231434
1037	07/02/2019	12:40:39	nan	-484.903271	-15548.50456	511.189859
1038	07/02/2019	12:40:49	nan	-484.878269	-15548.40852	511.223407
1039	07/02/2019	12:40:59	nan	-484.821236	-15548.28445	511.226903
1040	07/02/2019	12:41:09	nan	-484.754672	-15548.53295	511.285643
1041	07/02/2019	12:41:19	nan	-484.853463	-15548.60471	511.226467
1042	07/02/2019	12:41:29	nan	-484.746159	-15548.31569	511.275625
1043	07/02/2019	12:41:39	nan	-484.818508	-15548.46457	511.256269
1044	07/02/2019	12:41:49	nan	-484.873627	-15548.34425	511.230089
1045	07/02/2019	12:41:59	nan	-484.881313	-15548.63149	511.210278
1046	07/02/2019	12:42:09	nan	-484.909691	-15548.47761	511.211541
1047	07/02/2019	12:42:19	nan	-484.941849	-15548.51242	511.200038
1048	07/02/2019	12:42:29	nan	-485.005329	-15548.49403	511.173732
1049	07/02/2019	12:42:39	nan	-484.949921	-15548.6779	511.19438
1050	07/02/2019	12:42:49	nan	-484.978695	-15548.5383	511.160958
1051	07/02/2019	12:42:59	nan	-484.891606	-15548.92854	511.163899
1052	07/02/2019	12:43:09	nan	-484.811442	-15548.97871	511.201964
1053	07/02/2019	12:43:19	nan	-484.809759	-15548.98245	511.187186
1054	07/02/2019	12:43:29	nan	-484.807681	-15549.39733	511.171103
1055	07/02/2019	12:43:39	nan	-484.772332	-15549.26148	511.17671
1056	07/02/2019	12:43:49	nan	-484.70233	-15549.12723	511.174839
1057	07/02/2019	12:43:59	nan	-484.612986	-15549.04958	511.222598
1058	07/02/2019	12:44:09	nan	-484.656161	-15549.06993	511.197744
1059	07/02/2019	12:44:19	nan	-484.681267	-15548.66434	511.184631
1060	07/02/2019	12:44:29	nan	-484.667489	-15548.95228	511.211703
1061	07/02/2019	12:44:39	nan	-484.629486	-15548.95478	511.225372
1062	07/02/2019	12:44:49	nan	-484.582011	-15548.78037	511.22625
1063	07/02/2019	12:44:59	nan	-484.750946	-15548.70522	511.162595
1064	07/02/2019	12:45:09	nan	-484.747117	-15548.63131	511.163659
1065	07/02/2019	12:45:19	nan	-484.589183	-15548.68022	511.223114
1066	07/02/2019	12:45:29	nan	-484.635241	-15548.38817	511.229629
1067	07/02/2019	12:45:39	nan	-484.604896	-15548.73949	511.217674
1068	07/02/2019	12:45:49	nan	-484.675348	-15548.87499	511.182965
1069	07/02/2019	12:45:59	nan	-484.662857	-15548.50724	511.158553
1070	07/02/2019	12:46:09	nan	-484.656499	-15548.7411	511.166396
1071	07/02/2019	12:46:19	nan	-484.591711	-15548.5749	511.201174
1072	07/02/2019	12:46:29	nan	-484.519676	-15548.65077	511.193466
1073	07/02/2019	12:46:39	nan	-484.512608	-15548.6538	511.181236
1074	07/02/2019	12:46:49	nan	-484.495134	-15548.52598	511.194312
1075	07/02/2019	12:46:59	nan	-484.421013	-15548.63238	511.240398
1076	07/02/2019	12:47:09	nan	-484.417302	-15548.70718	511.215127
1077	07/02/2019	12:47:19	nan	-484.568034	-15548.57847	511.150187
